current idx: trans_img/s1.jpg
Feature Detection time: 0.002394 seconds
Descriptor Extraction time: 0.081187 seconds
Match time: 0.024712 seconds
Fundamental Mat time: 0.005910 seconds
F_norm: [-7.656223470199222e-07, -8.668681670846215e-05, -0.0008824581389469616;
 9.562985559498836e-05, -1.831113608882237e-05, 0.1504759362937019;
 0.0002715631990345107, -0.1482788069315063, 0.9774300581305075]
rt 0: [0.8845988560061566, 0.192836917332907, -0.4246160468778122, -0.9721354427571174;
 0.1855094658175162, -0.9808704514104675, -0.05898640217817832, -0.09934263618331063;
 -0.4278680895377674, -0.02659099214711307, -0.9034499527322662, 0.2123292762940944;
 0, 0, 0, 1]
rt 1: [0.8845988560061566, 0.192836917332907, -0.4246160468778122, 0.9721354427571174;
 0.1855094658175162, -0.9808704514104675, -0.05898640217817832, 0.09934263618331063;
 -0.4278680895377674, -0.02659099214711307, -0.9034499527322662, -0.2123292762940944;
 0, 0, 0, 1]
rt 2: [0.9998425791908143, -0.006833592894416915, -0.01637433495484908, -0.9721354427571174;
 0.007061827925860562, 0.9998781531934339, 0.01392154276055211, -0.09934263618331063;
 0.01627720563873683, -0.01403498395587692, 0.9997690092226071, 0.2123292762940944;
 0, 0, 0, 1]
rt 3: [0.9998425791908143, -0.006833592894416915, -0.01637433495484908, 0.9721354427571174;
 0.007061827925860562, 0.9998781531934339, 0.01392154276055211, 0.09934263618331063;
 0.01627720563873683, -0.01403498395587692, 0.9997690092226071, -0.2123292762940944;
 0, 0, 0, 1]
rt 0, percent positive: 0.000000
rt 1, percent positive: 0.000000
rt 2, percent positive: 1.000000
rt 3, percent positive: 1.000000
select rt: 2, percent positive: 1.000000, count: 1190
rt 0: [0.8845988560061567, 0.1855094658175167, -0.4278680895377666, 0.9692278217181453;
 0.1928369173329064, -0.980870451410467, -0.02659099214711272, 0.09566739173245128;
 -0.4246160468778128, -0.05898640217817837, -0.9034499527322657, -0.226815298793113;
 0, 0, 0, 1]
rt 1: [0.8845988560061567, 0.1855094658175167, -0.4278680895377666, -0.9692278217181453;
 0.1928369173329064, -0.980870451410467, -0.02659099214711272, -0.09566739173245128;
 -0.4246160468778128, -0.05898640217817837, -0.9034499527322657, 0.226815298793113;
 0, 0, 0, 1]
rt 2: [0.9998425791908142, 0.007061827925861303, 0.01627720563873734, 0.9692278217181451;
 -0.006833592894416173, 0.9998781531934335, -0.01403498395587717, 0.09566739173245126;
 -0.01637433495484853, 0.01392154276055184, 0.9997690092226063, -0.2268152987931129;
 0, 0, 0, 1]
rt 3: [0.9998425791908142, 0.007061827925861303, 0.01627720563873734, -0.9692278217181451;
 -0.006833592894416173, 0.9998781531934335, -0.01403498395587717, -0.09566739173245126;
 -0.01637433495484853, 0.01392154276055184, 0.9997690092226063, 0.2268152987931129;
 0, 0, 0, 1]
rt 0, percent positive: 0.000000
rt 1, percent positive: 0.000000
rt 2, percent positive: 1.000000
rt 3, percent positive: 1.000000
select rt: 2, percent positive: 1.000000, count: 1424
Total time: 0.115073 seconds




current idx: trans_img/s2.jpg
Feature Detection time: 0.002151 seconds
Descriptor Extraction time: 0.078227 seconds
Match time: 0.028394 seconds
Fundamental Mat time: 0.011116 seconds
F_norm: [-7.485612301767914e-07, -2.256936402862674e-05, -0.0001248987626154329;
 2.877634432528364e-05, -7.179518790820511e-06, 0.06048771034064509;
 -0.001409867421238695, -0.06185383639824885, 0.9962496349335132]
rt 0: [0.999036239193182, -0.01953503545857673, -0.03930617214097348, 0.9873641933076108;
 0.02010632870923985, 0.9996971157536366, 0.01419198011895064, 0.06864980019508804;
 0.03901702608579607, -0.01496860526210905, 0.9991264246990609, -0.1428256094234702;
 0, 0, 0, 1]
rt 1: [0.999036239193182, -0.01953503545857673, -0.03930617214097348, -0.9873641933076108;
 0.02010632870923985, 0.9996971157536366, 0.01419198011895064, -0.06864980019508804;
 0.03901702608579607, -0.01496860526210905, 0.9991264246990609, 0.1428256094234702;
 0, 0, 0, 1]
rt 2: [0.9405820203823336, 0.1211915111169312, -0.3172035317689296, 0.9873641933076108;
 0.1147521225867751, -0.9926291090446789, -0.03897951050228097, 0.06864980019508804;
 -0.3195894449059877, 0.0002636481792434335, -0.9475560760157263, -0.1428256094234702;
 0, 0, 0, 1]
rt 3: [0.9405820203823336, 0.1211915111169312, -0.3172035317689296, -0.9873641933076108;
 0.1147521225867751, -0.9926291090446789, -0.03897951050228097, -0.06864980019508804;
 -0.3195894449059877, 0.0002636481792434335, -0.9475560760157263, 0.1428256094234702;
 0, 0, 0, 1]
rt 0, percent positive: 1.000000
rt 1, percent positive: 1.000000
rt 2, percent positive: 0.000000
rt 3, percent positive: 0.000000
select rt: 0, percent positive: 1.000000, count: 1424
rt 0: [0.9990362391931815, 0.02010632870923987, 0.03901702608579598, -0.9822202753159958;
 -0.01953503545857669, 0.9996971157536361, -0.01496860526210922, -0.0514787128940799;
 -0.03930617214097352, 0.01419198011895045, 0.9991264246990603, 0.18053607084718;
 0, 0, 0, 1]
rt 1: [0.9990362391931815, 0.02010632870923987, 0.03901702608579598, 0.9822202753159958;
 -0.01953503545857669, 0.9996971157536361, -0.01496860526210922, 0.0514787128940799;
 -0.03930617214097352, 0.01419198011895045, 0.9991264246990603, -0.18053607084718;
 0, 0, 0, 1]
rt 2: [0.9405820203823334, 0.1147521225867751, -0.3195894449059876, -0.982220275315996;
 0.1211915111169312, -0.992629109044678, 0.0002636481792435951, -0.05147871289407988;
 -0.3172035317689295, -0.03897951050228077, -0.9475560760157257, 0.18053607084718;
 0, 0, 0, 1]
rt 3: [0.9405820203823334, 0.1147521225867751, -0.3195894449059876, 0.982220275315996;
 0.1211915111169312, -0.992629109044678, 0.0002636481792435951, 0.05147871289407988;
 -0.3172035317689295, -0.03897951050228077, -0.9475560760157257, -0.18053607084718;
 0, 0, 0, 1]
rt 0, percent positive: 1.000000
rt 1, percent positive: 1.000000
rt 2, percent positive: 0.000000
rt 3, percent positive: 0.000000
select rt: 0, percent positive: 1.000000, count: 1376
Total time: 0.120781 seconds




current idx: trans_img/s3.jpg
Feature Detection time: 0.002459 seconds
Descriptor Extraction time: 0.082997 seconds
Match time: 0.027728 seconds
Fundamental Mat time: 0.007094 seconds
F_norm: [-1.733182358194428e-07, 4.883177679740621e-05, -0.005146650571625011;
 -4.538353774756167e-05, 8.616192826415766e-06, -0.07550215771480855;
 0.004831300328095973, 0.06982457907666521, 0.9946728700149268]
rt 0: [0.8892800001615864, 0.09066088602372382, -0.448287502678808, 0.969169046437793;
 0.0792470723139643, -0.9958746477422868, -0.04419940626118359, 0.04246618172533741;
 -0.450445316150889, 0.00378017586485377, -0.892796016695951, -0.2427096677854625;
 0, 0, 0, 1]
rt 1: [0.8892800001615864, 0.09066088602372382, -0.448287502678808, -0.969169046437793;
 0.0792470723139643, -0.9958746477422868, -0.04419940626118359, -0.04246618172533741;
 -0.450445316150889, 0.00378017586485377, -0.892796016695951, 0.2427096677854625;
 0, 0, 0, 1]
rt 2: [0.9997378618380495, -0.004100046022205539, 0.02252547957538376, 0.969169046437793;
 0.003524221409182716, 0.9996674931445551, 0.0255437470536257, 0.04246618172533741;
 -0.02262272023750217, -0.02545766628535243, 0.9994198916153108, -0.2427096677854625;
 0, 0, 0, 1]
rt 3: [0.9997378618380495, -0.004100046022205539, 0.02252547957538376, -0.969169046437793;
 0.003524221409182716, 0.9996674931445551, 0.0255437470536257, -0.04246618172533741;
 -0.02262272023750217, -0.02545766628535243, 0.9994198916153108, 0.2427096677854625;
 0, 0, 0, 1]
rt 0, percent positive: 0.000000
rt 1, percent positive: 0.000000
rt 2, percent positive: 1.000000
rt 3, percent positive: 1.000000
select rt: 2, percent positive: 1.000000, count: 1376
rt 0: [0.8892800001615864, 0.07924707231396423, -0.4504453161508888, -0.9745554033853907;
 0.09066088602372371, -0.995874647742287, 0.0037801758648534, -0.04465724546180822;
 -0.448287502678808, -0.04419940626118396, -0.8927960166959508, 0.2196531269071809;
 0, 0, 0, 1]
rt 1: [0.8892800001615864, 0.07924707231396423, -0.4504453161508888, 0.9745554033853907;
 0.09066088602372371, -0.995874647742287, 0.0037801758648534, 0.04465724546180822;
 -0.448287502678808, -0.04419940626118396, -0.8927960166959508, -0.2196531269071809;
 0, 0, 0, 1]
rt 2: [0.9997378618380494, 0.003524221409182805, -0.0226227202375022, -0.9745554033853907;
 -0.004100046022205445, 0.9996674931445556, -0.02545766628535206, -0.04465724546180824;
 0.02252547957538372, 0.02554374705362608, 0.9994198916153106, 0.219653126907181;
 0, 0, 0, 1]
rt 3: [0.9997378618380494, 0.003524221409182805, -0.0226227202375022, 0.9745554033853907;
 -0.004100046022205445, 0.9996674931445556, -0.02545766628535206, 0.04465724546180824;
 0.02252547957538372, 0.02554374705362608, 0.9994198916153106, -0.219653126907181;
 0, 0, 0, 1]
rt 0, percent positive: 0.000000
rt 1, percent positive: 0.000000
rt 2, percent positive: 1.000000
rt 3, percent positive: 1.000000
select rt: 2, percent positive: 1.000000, count: 1332
Total time: 0.121604 seconds




current idx: trans_img/s4.jpg
Feature Detection time: 0.002351 seconds
Descriptor Extraction time: 0.066936 seconds
Match time: 0.021987 seconds
Fundamental Mat time: 0.016854 seconds
F_norm: [-7.743915915657203e-07, 5.67840182794537e-05, -0.007212240730503914;
 -5.090595089029642e-05, 1.611213207199978e-06, 0.002503964881436335;
 0.007338786486407494, -0.01088586652660655, 0.9998846673728693]
rt 0: [0.967280165993413, -0.02121908948822227, 0.2528217370343102, -0.2586703320660269;
 0.0148952986800592, 0.9995271244211976, 0.02690088518103516, -0.10385387115544;
 -0.2532729960990454, -0.02225483739734403, 0.9671388275007009, 0.9603666137235721;
 0, 0, 0, 1]
rt 1: [0.967280165993413, -0.02121908948822227, 0.2528217370343102, 0.2586703320660269;
 0.0148952986800592, 0.9995271244211976, 0.02690088518103516, 0.10385387115544;
 -0.2532729960990454, -0.02225483739734403, 0.9671388275007009, -0.9603666137235721;
 0, 0, 0, 1]
rt 2: [-0.7112024629820343, 0.08313898058237573, -0.6980536989057584, -0.2586703320660269;
 0.08791765463356757, -0.9746668308564541, -0.2056576155457621, -0.10385387115544;
 -0.6974679509855781, -0.2076354467232392, 0.6858760665105761, 0.9603666137235721;
 0, 0, 0, 1]
rt 3: [-0.7112024629820343, 0.08313898058237573, -0.6980536989057584, 0.2586703320660269;
 0.08791765463356757, -0.9746668308564541, -0.2056576155457621, 0.10385387115544;
 -0.6974679509855781, -0.2076354467232392, 0.6858760665105761, -0.9603666137235721;
 0, 0, 0, 1]
rt 0, percent positive: 1.000000
rt 1, percent positive: 0.338589
rt 2, percent positive: 1.000000
rt 3, percent positive: 0.093844
select rt: 0, percent positive: 1.000000, count: 1332
rt 0: [0.9672801659934132, 0.0148952986800591, -0.2532729960990451, 0.4949885457796019;
 -0.02121908948822239, 0.999527124421198, -0.022254837397344, 0.1196888151022052;
 0.2528217370343105, 0.02690088518103517, 0.9671388275007011, -0.8606165970317009;
 0, 0, 0, 1]
rt 1: [0.9672801659934132, 0.0148952986800591, -0.2532729960990451, -0.4949885457796019;
 -0.02121908948822239, 0.999527124421198, -0.022254837397344, -0.1196888151022052;
 0.2528217370343105, 0.02690088518103517, 0.9671388275007011, 0.8606165970317009;
 0, 0, 0, 1]
rt 2: [-0.7112024629820344, 0.08791765463356767, -0.6974679509855781, 0.494988545779602;
 0.08313898058237584, -0.9746668308564547, -0.2076354467232392, 0.1196888151022053;
 -0.6980536989057586, -0.2056576155457621, 0.685876066510576, -0.860616597031701;
 0, 0, 0, 1]
rt 3: [-0.7112024629820344, 0.08791765463356767, -0.6974679509855781, -0.494988545779602;
 0.08313898058237584, -0.9746668308564547, -0.2076354467232392, -0.1196888151022053;
 -0.6980536989057586, -0.2056576155457621, 0.685876066510576, 0.860616597031701;
 0, 0, 0, 1]
rt 0, percent positive: 0.931900
rt 1, percent positive: 1.000000
rt 2, percent positive: 0.131720
rt 3, percent positive: 1.000000
select rt: 1, percent positive: 1.000000, count: 1116
Total time: 0.108948 seconds




current idx: trans_img/s5.jpg
Feature Detection time: 0.002256 seconds
Descriptor Extraction time: 0.059842 seconds
Match time: 0.018908 seconds
Fundamental Mat time: 0.018613 seconds
F_norm: [-4.292045570873025e-07, 5.571392924793643e-05, -0.008758513035575554;
 -4.680717973529964e-05, -5.822659193249252e-06, -0.003904078046600463;
 0.007854104439768379, -0.001227591317474974, 0.999922420669712]
rt 0: [0.9781722746489074, 0.03847292277654322, 0.2042029268184292, -0.5180107951370262;
 -0.0358608696576945, 0.9992209344640518, -0.01647792936571161, -0.04151067808524698;
 -0.2046777934598097, 0.008795359106807094, 0.978789886810548, 0.8543662444914413;
 0, 0, 0, 1]
rt 1: [0.9781722746489074, 0.03847292277654322, 0.2042029268184292, 0.5180107951370262;
 -0.0358608696576945, 0.9992209344640518, -0.01647792936571161, 0.04151067808524698;
 -0.2046777934598097, 0.008795359106807094, 0.978789886810548, -0.8543662444914413;
 0, 0, 0, 1]
rt 2: [-0.2735895454295121, 0.01736166844789298, -0.9616898320666484, -0.5180107951370262;
 0.09232244754684707, -0.9947466421054808, -0.04422311272209116, -0.04151067808524698;
 -0.9574055182160965, -0.1008845403844245, 0.2705494099065657, 0.8543662444914413;
 0, 0, 0, 1]
rt 3: [-0.2735895454295121, 0.01736166844789298, -0.9616898320666484, 0.5180107951370262;
 0.09232244754684707, -0.9947466421054808, -0.04422311272209116, 0.04151067808524698;
 -0.9574055182160965, -0.1008845403844245, 0.2705494099065657, -0.8543662444914413;
 0, 0, 0, 1]
rt 0, percent positive: 1.000000
rt 1, percent positive: 0.679211
rt 2, percent positive: 0.999104
rt 3, percent positive: 0.035842
select rt: 0, percent positive: 1.000000, count: 1116
rt 0: [0.9781722746489072, -0.03586086965769455, -0.2046777934598096, 0.6800849864847088;
 0.03847292277654307, 0.9992209344640514, 0.008795359106806738, 0.05389326993626331;
 0.2042029268184294, -0.01647792936571199, 0.9787898868105485, -0.7311497292714201;
 0, 0, 0, 1]
rt 1: [0.9781722746489072, -0.03586086965769455, -0.2046777934598096, -0.6800849864847088;
 0.03847292277654307, 0.9992209344640514, 0.008795359106806738, -0.05389326993626331;
 0.2042029268184294, -0.01647792936571199, 0.9787898868105485, 0.7311497292714201;
 0, 0, 0, 1]
rt 2: [-0.2735895454295123, 0.09232244754684729, -0.9574055182160968, 0.6800849864847089;
 0.01736166844789319, -0.9947466421054802, -0.1008845403844243, 0.05389326993626332;
 -0.9616898320666483, -0.04422311272209097, 0.2705494099065657, -0.73114972927142;
 0, 0, 0, 1]
rt 3: [-0.2735895454295123, 0.09232244754684729, -0.9574055182160968, -0.6800849864847089;
 0.01736166844789319, -0.9947466421054802, -0.1008845403844243, -0.05389326993626332;
 -0.9616898320666483, -0.04422311272209097, 0.2705494099065657, 0.73114972927142;
 0, 0, 0, 1]
rt 0, percent positive: 1.000000
rt 1, percent positive: 1.000000
rt 2, percent positive: 0.086740
rt 3, percent positive: 0.942173
select rt: 0, percent positive: 1.000000, count: 1003
Total time: 0.100402 seconds




current idx: trans_img/s6.jpg
Feature Detection time: 0.002265 seconds
Descriptor Extraction time: 0.043973 seconds
Match time: 0.014783 seconds
Fundamental Mat time: 0.008148 seconds
F_norm: [2.916707614597867e-06, 1.999021800841103e-05, -0.004149297046993203;
 -1.209960380147884e-05, -7.975634240126505e-06, 0.004671593744450884;
 0.0009428804707802757, -0.00753022844938734, 0.9999516816145134]
rt 0: [0.9155254358717961, 0.1214962004251897, 0.3834734013644226, 0.3132732432823328;
 -0.1453695706447513, 0.9888005598704518, 0.03378077456840651, -0.004464636830932503;
 -0.3750744782070863, -0.08667252207085577, 0.9229339140564502, 0.9496525375427247;
 0, 0, 0, 1]
rt 1: [0.9155254358717961, 0.1214962004251897, 0.3834734013644226, -0.3132732432823328;
 -0.1453695706447513, 0.9888005598704518, 0.03378077456840651, 0.004464636830932503;
 -0.3750744782070863, -0.08667252207085577, 0.9229339140564502, -0.9496525375427247;
 0, 0, 0, 1]
rt 2: [-0.9585890943131026, -0.1519851473884431, 0.2408473857804947, 0.3132732432823328;
 0.1459832955627727, -0.9883660443844745, -0.04267832851013239, -0.004464636830932503;
 0.244531850033114, -0.005751285169409766, 0.9696242040286963, 0.9496525375427247;
 0, 0, 0, 1]
rt 3: [-0.9585890943131026, -0.1519851473884431, 0.2408473857804947, -0.3132732432823328;
 0.1459832955627727, -0.9883660443844745, -0.04267832851013239, 0.004464636830932503;
 0.244531850033114, -0.005751285169409766, 0.9696242040286963, -0.9496525375427247;
 0, 0, 0, 1]
rt 0, percent positive: 1.000000
rt 1, percent positive: 0.231306
rt 2, percent positive: 1.000000
rt 3, percent positive: 0.770688
select rt: 0, percent positive: 1.000000, count: 1003
rt 0: [0.9155254358717964, -0.1453695706447514, -0.3750744782070863, 0.06873178505464654;
 0.1214962004251897, 0.9888005598704521, -0.08667252207085577, 0.04866190716418078;
 0.3834734013644225, 0.03378077456840649, 0.9229339140564501, -0.9964476707355718;
 0, 0, 0, 1]
rt 1: [0.9155254358717964, -0.1453695706447514, -0.3750744782070863, -0.06873178505464654;
 0.1214962004251897, 0.9888005598704521, -0.08667252207085577, -0.04866190716418078;
 0.3834734013644225, 0.03378077456840649, 0.9229339140564501, 0.9964476707355718;
 0, 0, 0, 1]
rt 2: [-0.958589094313103, 0.1459832955627728, 0.2445318500331141, 0.06873178505464654;
 -0.1519851473884431, -0.9883660443844747, -0.005751285169409774, 0.04866190716418078;
 0.2408473857804947, -0.04267832851013239, 0.9696242040286961, -0.9964476707355715;
 0, 0, 0, 1]
rt 3: [-0.958589094313103, 0.1459832955627728, 0.2445318500331141, -0.06873178505464654;
 -0.1519851473884431, -0.9883660443844747, -0.005751285169409774, -0.04866190716418078;
 0.2408473857804947, -0.04267832851013239, 0.9696242040286961, 0.9964476707355715;
 0, 0, 0, 1]
rt 0, percent positive: 0.483356
rt 1, percent positive: 1.000000
rt 2, percent positive: 0.482024
rt 3, percent positive: 1.000000
select rt: 1, percent positive: 1.000000, count: 751
Total time: 0.069903 seconds




current idx: trans_img/s7.jpg
Feature Detection time: 0.002105 seconds
Descriptor Extraction time: 0.033350 seconds
Match time: 0.010417 seconds
Fundamental Mat time: 0.015457 seconds
F_norm: [2.991531926342103e-06, 2.575282746505664e-05, -0.009392418632684415;
 -3.160086006433713e-05, -1.489634435597897e-06, 0.01478853581955232;
 0.009256084647603852, -0.01664789704514956, 0.9996650701252506]
rt 0: [-0.56460165047151, 0.3014365601094949, 0.768349514553241, -0.6085670796345138;
 0.1997720992566084, -0.8533330196940125, 0.4815743617121928, -0.2827465887064283;
 0.8008221304655947, 0.4253924749325652, 0.4215746169153126, -0.741417882276923;
 0, 0, 0, 1]
rt 1: [-0.56460165047151, 0.3014365601094949, 0.768349514553241, 0.6085670796345138;
 0.1997720992566084, -0.8533330196940125, 0.4815743617121928, 0.2827465887064283;
 0.8008221304655947, 0.4253924749325652, 0.4215746169153126, 0.741417882276923;
 0, 0, 0, 1]
rt 2: [0.9378124106390998, 0.0120496758681638, 0.3469332612517168, -0.6085670796345138;
 -0.02637450211860118, 0.9989819823068671, 0.03659760462432471, -0.2827465887064283;
 -0.3461390877801516, -0.04347187985025117, 0.937175505213943, -0.741417882276923;
 0, 0, 0, 1]
rt 3: [0.9378124106390998, 0.0120496758681638, 0.3469332612517168, 0.6085670796345138;
 -0.02637450211860118, 0.9989819823068671, 0.03659760462432471, 0.2827465887064283;
 -0.3461390877801516, -0.04347187985025117, 0.937175505213943, 0.741417882276923;
 0, 0, 0, 1]
rt 0, percent positive: 0.411451
rt 1, percent positive: 1.000000
rt 2, percent positive: 0.647137
rt 3, percent positive: 1.000000
select rt: 1, percent positive: 1.000000, count: 751
rt 0: [-0.5646016504715106, 0.1997720992566083, 0.8008221304655951, 0.3066307500495496;
 0.3014365601094949, -0.8533330196940123, 0.4253924749325651, 0.257560954632913;
 0.7683495145532415, 0.481574361712193, 0.4215746169153126, 0.9163186878879168;
 0, 0, 0, 1]
rt 1: [-0.5646016504715106, 0.1997720992566083, 0.8008221304655951, -0.3066307500495496;
 0.3014365601094949, -0.8533330196940123, 0.4253924749325651, -0.257560954632913;
 0.7683495145532415, 0.481574361712193, 0.4215746169153126, -0.9163186878879168;
 0, 0, 0, 1]
rt 2: [0.9378124106391006, -0.02637450211860111, -0.3461390877801521, 0.3066307500495497;
 0.01204967586816386, 0.9989819823068667, -0.04347187985025126, 0.2575609546329128;
 0.3469332612517168, 0.03659760462432465, 0.9371755052139434, 0.9163186878879168;
 0, 0, 0, 1]
rt 3: [0.9378124106391006, -0.02637450211860111, -0.3461390877801521, -0.3066307500495497;
 0.01204967586816386, 0.9989819823068667, -0.04347187985025126, -0.2575609546329128;
 0.3469332612517168, 0.03659760462432465, 0.9371755052139434, -0.9163186878879168;
 0, 0, 0, 1]
rt 0, percent positive: 1.000000
rt 1, percent positive: 0.075506
rt 2, percent positive: 1.000000
rt 3, percent positive: 0.486188
select rt: 0, percent positive: 1.000000, count: 543
Total time: 0.062043 seconds




current idx: trans_img/s8.jpg
Feature Detection time: 0.002076 seconds
Descriptor Extraction time: 0.031418 seconds
Match time: 0.009403 seconds
Fundamental Mat time: 0.011410 seconds
F_norm: [-5.144898397617158e-06, 1.337073500708259e-05, 0.004091257635953842;
 1.623546996313001e-05, -1.967303778937278e-07, -0.03607335459977869;
 -0.007006355512003203, 0.02649883352446542, 0.9989648127107789]
rt 0: [0.9163605911506004, 0.01443157854356381, 0.4000937346758419, -0.9688291091589162;
 -0.02121463203024701, 0.999696426900238, 0.01252970194049751, -0.1636812933286561;
 -0.3997914536029293, -0.01996956643589025, 0.9163885693538628, 0.1859531969625675;
 0, 0, 0, 1]
rt 1: [0.9163605911506004, 0.01443157854356381, 0.4000937346758419, 0.9688291091589162;
 -0.02121463203024701, 0.999696426900238, 0.01252970194049751, 0.1636812933286561;
 -0.3997914536029293, -0.01996956643589025, 0.9163885693538628, -0.1859531969625675;
 0, 0, 0, 1]
rt 2: [0.9412081591792593, 0.3369176736731115, 0.02477261110760823, -0.9688291091589162;
 0.3350463002021971, -0.940336835544846, 0.05925042141895464, -0.1636812933286561;
 0.04325711288573714, -0.04746700837637778, -0.997935722028522, 0.1859531969625675;
 0, 0, 0, 1]
rt 3: [0.9412081591792593, 0.3369176736731115, 0.02477261110760823, 0.9688291091589162;
 0.3350463002021971, -0.940336835544846, 0.05925042141895464, 0.1636812933286561;
 0.04325711288573714, -0.04746700837637778, -0.997935722028522, -0.1859531969625675;
 0, 0, 0, 1]
rt 0, percent positive: 1.000000
rt 1, percent positive: 1.000000
rt 2, percent positive: 0.000000
rt 3, percent positive: 0.000000
select rt: 0, percent positive: 1.000000, count: 543
rt 0: [0.9163605911506005, -0.02121463203024702, -0.3997914536029294, 0.9586668757003486;
 0.01443157854356376, 0.9996964269002387, -0.01996956643589039, 0.1813267421958954;
 0.4000937346758419, 0.01252970194049736, 0.9163885693538627, 0.2192679502333985;
 0, 0, 0, 1]
rt 1: [0.9163605911506005, -0.02121463203024702, -0.3997914536029294, -0.9586668757003486;
 0.01443157854356376, 0.9996964269002387, -0.01996956643589039, -0.1813267421958954;
 0.4000937346758419, 0.01252970194049736, 0.9163885693538627, -0.2192679502333985;
 0, 0, 0, 1]
rt 2: [0.941208159179259, 0.3350463002021971, 0.04325711288573714, 0.9586668757003484;
 0.3369176736731118, -0.9403368355448469, -0.04746700837637768, 0.1813267421958954;
 0.02477261110760817, 0.05925042141895478, -0.9979357220285219, 0.2192679502333985;
 0, 0, 0, 1]
rt 3: [0.941208159179259, 0.3350463002021971, 0.04325711288573714, -0.9586668757003484;
 0.3369176736731118, -0.9403368355448469, -0.04746700837637768, -0.1813267421958954;
 0.02477261110760817, 0.05925042141895478, -0.9979357220285219, -0.2192679502333985;
 0, 0, 0, 1]
rt 0, percent positive: 1.000000
rt 1, percent positive: 1.000000
rt 2, percent positive: 0.000000
rt 3, percent positive: 0.000000
select rt: 0, percent positive: 1.000000, count: 517
Total time: 0.054850 seconds




current idx: trans_img/s9.jpg
Feature Detection time: 0.002119 seconds
Descriptor Extraction time: 0.024049 seconds
Match time: 0.007186 seconds
Fundamental Mat time: 0.014796 seconds
F_norm: [8.065271075033661e-06, 2.110121612044694e-06, -0.01256531015456902;
 -2.027444748019464e-05, 6.688189391027605e-07, 0.02715065335482543;
 0.01163816447032328, -0.02271574147287094, 0.9992264521814977]
rt 0: [0.5696881969312915, 0.7679470573359982, 0.2927672717469553, -0.9094634425183089;
 0.7130498713181612, -0.6389750393321064, 0.2885667689178478, -0.413451039372786;
 0.4086749800150825, 0.04436458316623802, -0.9116010884538028, -0.04398277804220359;
 0, 0, 0, 1]
rt 1: [0.5696881969312915, 0.7679470573359982, 0.2927672717469553, 0.9094634425183089;
 0.7130498713181612, -0.6389750393321064, 0.2885667689178478, 0.413451039372786;
 0.4086749800150825, 0.04436458316623802, -0.9116010884538028, 0.04398277804220359;
 0, 0, 0, 1]
rt 2: [0.9416517130294659, 0.02544367215970955, 0.335625789974045, -0.9094634425183089;
 -0.02597986123771928, 0.9996582800244661, -0.002893093257196527, -0.413451039372786;
 -0.33558471085367, -0.005995225229732292, 0.9419909549012153, -0.04398277804220359;
 0, 0, 0, 1]
rt 3: [0.9416517130294659, 0.02544367215970955, 0.335625789974045, 0.9094634425183089;
 -0.02597986123771928, 0.9996582800244661, -0.002893093257196527, 0.413451039372786;
 -0.33558471085367, -0.005995225229732292, 0.9419909549012153, 0.04398277804220359;
 0, 0, 0, 1]
rt 0, percent positive: 0.000000
rt 1, percent positive: 0.000000
rt 2, percent positive: 1.000000
rt 3, percent positive: 1.000000
select rt: 2, percent positive: 1.000000, count: 517
rt 0: [0.5696881969312911, 0.7130498713181612, 0.4086749800150824, 0.8308964601017108;
 0.7679470573359981, -0.6389750393321068, 0.04436458316623823, 0.4361861579058112;
 0.292767271746955, 0.2885667689178479, -0.9116010884538027, 0.3454746130207149;
 0, 0, 0, 1]
rt 1: [0.5696881969312911, 0.7130498713181612, 0.4086749800150824, -0.8308964601017108;
 0.7679470573359981, -0.6389750393321068, 0.04436458316623823, -0.4361861579058112;
 0.292767271746955, 0.2885667689178479, -0.9116010884538027, -0.3454746130207149;
 0, 0, 0, 1]
rt 2: [0.9416517130294657, -0.02597986123771949, -0.3355847108536701, 0.8308964601017107;
 0.02544367215970925, 0.9996582800244662, -0.005995225229732496, 0.4361861579058112;
 0.3356257899740449, -0.002893093257196815, 0.9419909549012153, 0.3454746130207149;
 0, 0, 0, 1]
rt 3: [0.9416517130294657, -0.02597986123771949, -0.3355847108536701, -0.8308964601017107;
 0.02544367215970925, 0.9996582800244662, -0.005995225229732496, -0.4361861579058112;
 0.3356257899740449, -0.002893093257196815, 0.9419909549012153, -0.3454746130207149;
 0, 0, 0, 1]
rt 0, percent positive: 0.000000
rt 1, percent positive: 0.000000
rt 2, percent positive: 1.000000
rt 3, percent positive: 1.000000
select rt: 2, percent positive: 1.000000, count: 372
Total time: 0.048698 seconds





