Initialize nViewMatcher ... OK
Performing Cross Matching ... OK

----------------------------

Reconstruction: 
============================
Estimated 3D points: 7185
Estimated cameras: 10
Refined intrinsics: 
[439.7037048339844, 0, 306.129150390625;
 0, 439.7037048339844, 188.74951171875;
 0, 0, 1]

3D Visualization: 
============================
Recovering points  ... [DONE]
Recovering cameras ... [DONE]
Rendering points   ... [DONE]
Rendering Cameras  ... [DONE]
Rotation 0: [0.9988550343352804, -0.003174693125006704, 0.04773407280578298;
 0.002622525243727758, 0.9999289794524892, 0.01162576502641821;
 -0.0477675909420997, -0.01148727011371776, 0.9987924208167195]
Trans 0: [-0.003878422218046007;
 -5.448354055167761e-05;
 0.002195868132607945]
Rotation 1: [1, -0, 0;
 0, 1, -0;
 -0, 0, 1]
Trans 1: [0;
 0;
 0]
Rotation 2: [0.9954416420130255, 0.004329090651380397, -0.09527432141213889;
 -0.005464920795640081, 0.9999170396102439, -0.01166398464433282;
 0.09521592297041916, 0.01213148264714508, 0.9953827179239517]
Trans 2: [0.006025011895269169;
 0.0006592491327911596;
 -0.0005810394029198532]
Rotation 3: [0.9991252257016959, 0.01205875206577916, -0.04004210115804686;
 -0.01212683453063603, 0.9999254045558356, -0.00145780935485125;
 0.04002153483815637, 0.001942118035698394, 0.9991969300026565]
Trans 3: [0.01071596262699308;
 0.002061201780650732;
 0.001664903460338171]
Rotation 4: [0.9976530523227424, 0.0169259873120317, 0.06634680206783383;
 -0.0181416196043346, 0.9996776286285641, 0.0177628955326071;
 -0.06602475921385098, -0.01892484539127421, 0.9976385023632905]
Trans 4: [0.01658978710386114;
 0.002806317221438872;
 0.002219978246027438]
Rotation 5: [0.9889889737374563, 0.01617734979507229, 0.1471023561311676;
 -0.01887141004386957, 0.9996784527403326, 0.0169369716788677;
 -0.1467810604563448, -0.01952650711987433, 0.9889762564445157]
Trans 5: [0.02740374133204311;
 0.007865098847702895;
 0.02275902886859043]
Rotation 6: [0.9200492623805337, -0.04127746609616999, 0.3896222857919133;
 0.03696684473616783, 0.99914415026276, 0.01855853943496579;
 -0.3900548771433167, -0.002671663973379859, 0.9207877361413571]
Trans 6: [0.06244379604123336;
 0.01810963730747319;
 0.06293345977598266]
Rotation 7: [0.7586912959714698, -0.1283698713801641, 0.6386773000028825;
 0.1594653811268923, 0.9871626543501264, 0.008982542984469453;
 -0.6316314666316005, 0.09503194188404765, 0.7694222640283814]
Trans 7: [0.062359529611022;
 0.03142907439969052;
 0.05895621432382951]
Rotation 8: [-0.5614957752340539, 0.7098764911535478, -0.4252033180748192;
 0.8179159435266716, 0.3982290767417872, -0.4152434367479617;
 -0.1254432290687035, -0.5809380085214868, -0.8042232442151281]
Trans 8: [0.4853206359902205;
 0.1612827191786812;
 0.5471650169921138]
Rotation 9: [-0.9465779464795102, 0.1255675435752241, -0.2970235398737242;
 0.07999682098243875, 0.9837185355636057, 0.1609296474279931;
 0.3123951021884582, 0.1285715162432127, -0.941211275612221]
Trans 9: [0.5403939358150572;
 0.04957105569971613;
 1.085714273430792]

