current idx: trans_img/s1.jpg
current idx: trans_img/s2.jpg
Feature Detection time: 0.002028 seconds
Descriptor Extraction time: 0.086375 seconds
Match time: 0.024961 seconds
R: [0.9999151421920661, -0.006425728398344727, 0.01133218556021798;
 0.006444308633249348, 0.9999779490392841, -0.001603845823761278;
 -0.01132162979698298, 0.001676737826159978, 0.9999345024795385]
t: [0.9540914597921193;
 0.0332475490679573;
 -0.2976643862350969]
Total time: 0.125930 seconds


current idx: trans_img/s3.jpg
Feature Detection time: 0.002408 seconds
Descriptor Extraction time: 0.089214 seconds
Match time: 0.029407 seconds
R: [0.9999956084259585, -0.0004366697647842296, -0.002931287825203605;
 0.00043650346628471, 0.9999999030865984, -5.737175177622511e-05;
 0.002931312593631941, 5.60919825266324e-05, 0.999995702120848]
t: [0.9778356167005491;
 0.04630277897550201;
 -0.2041900080097038]
Total time: 0.129711 seconds


current idx: trans_img/s4.jpg
Feature Detection time: 0.002873 seconds
Descriptor Extraction time: 0.091574 seconds
Match time: 0.027832 seconds
R: [0.9997208034079882, -0.001794835661837219, -0.02356042865131455;
 0.001685737758954226, 0.9999877696723984, -0.004649601470039805;
 0.02356848577008547, 0.004608586612959348, 0.9997116021172987]
t: [0.9682347815211282;
 0.08784962956998196;
 -0.2341022221960961]
Total time: 0.134112 seconds


current idx: trans_img/s5.jpg
Feature Detection time: 0.002431 seconds
Descriptor Extraction time: 0.089009 seconds
Match time: 0.029366 seconds
R: [0.9999373385029298, -0.004293626840756543, 0.01033846392021458;
 0.004259681445449609, 0.9999854719115443, 0.003303192369423674;
 -0.01035249639751375, -0.003258946823509423, 0.9999411008074131]
t: [0.975577175940361;
 0.2055998370355772;
 0.07731675623805002]
Total time: 0.128227 seconds


current idx: trans_img/s6.jpg
Feature Detection time: 0.002554 seconds
Descriptor Extraction time: 0.091757 seconds
Match time: 0.027369 seconds
R: [0.9996922835089971, -0.001575577332008173, 0.0247559255257801;
 0.00150059171704079, 0.9999942311322786, 0.003047281848106168;
 -0.02476058394032477, -0.003009195612437149, 0.9996888807147453]
t: [0.9402738968257365;
 0.06362467624116398;
 -0.3344202438868669]
Total time: 0.138578 seconds


current idx: trans_img/s7.jpg
Feature Detection time: 0.002326 seconds
Descriptor Extraction time: 0.096841 seconds
Match time: 0.027839 seconds
R: [0.999912414555058, -0.004281410731226072, -0.0125232879398583;
 0.004380930543843545, 0.9999589590723387, 0.007930171406404653;
 0.01248882165154391, -0.007984340493458926, 0.9998901337850276]
t: [0.8672013006130997;
 0.05205847517685963;
 -0.4952290574847245]
Total time: 0.147258 seconds


current idx: trans_img/s8.jpg
Feature Detection time: 0.002527 seconds
Descriptor Extraction time: 0.092711 seconds
Match time: 0.028085 seconds
R: [0.9995054645107644, 0.0003714127837032288, 0.03144341688915331;
 -0.0003291615513917184, 0.9999990360760828, -0.001348888274962119;
 -0.031443887574441, 0.001337871237955202, 0.9995046233183501]
t: [0.9467790537653876;
 0.07371918171483276;
 -0.3133287500348678]
Total time: 0.171384 seconds


current idx: trans_img/s9.jpg
Feature Detection time: 0.002196 seconds
Descriptor Extraction time: 0.085630 seconds
Match time: 0.043174 seconds
R: [0.9999872343441782, -0.0004825330692277141, 0.005029742589692243;
 0.0005051930593921727, 0.9999897252648513, -0.004504902296374855;
 -0.005027517146088151, 0.004507385779389278, 0.999977203512551]
t: [0.9666309610579328;
 0.05217126766450033;
 -0.2508041944515612]
Total time: 0.175228 seconds


current idx: trans_img/s10.jpg
Feature Detection time: 0.002629 seconds
Descriptor Extraction time: 0.086826 seconds
Match time: 0.025633 seconds
R: [0.9995759078290035, -0.01661047231274401, -0.02391854296087514;
 0.01732398502170256, 0.9994015781489353, 0.02993935764817241;
 0.02340692271084543, -0.03034102508098432, 0.9992654993375102]
t: [0.9843925125789122;
 0.1002450178391084;
 -0.1446454893075239]
Total time: 0.138999 seconds


current idx: trans_img/s11.jpg
Feature Detection time: 0.002379 seconds
Descriptor Extraction time: 0.082431 seconds
Match time: 0.025081 seconds
R: [0.9999258168603994, 0.008626836399093849, 0.008598748153397451;
 -0.008505621760061881, 0.999865326898704, -0.01403504414750634;
 -0.008718668163030796, 0.01396086528446424, 0.999864530356974]
t: [0.4235591465049867;
 0.02959120848144861;
 -0.9053850063882075]
Total time: 0.168253 seconds


current idx: trans_img/s12.jpg
Feature Detection time: 0.002361 seconds
Descriptor Extraction time: 0.077580 seconds
Match time: 0.024822 seconds
R: [0.9989264467576371, -0.0004269595674077642, 0.04632247482258968;
 -0.0001968850669482741, 0.9999093633778462, 0.01346203051476328;
 -0.04632402405266689, -0.01345669851181205, 0.9988358233767601]
t: [0.9960831001253614;
 0.08060741217163298;
 0.03634422578129729]
Total time: 0.160714 seconds


current idx: trans_img/s13.jpg
Feature Detection time: 0.002422 seconds
Descriptor Extraction time: 0.076460 seconds
Match time: 0.023089 seconds
R: [0.9995641178007201, -0.001689858780626191, 0.02947403573604367;
 0.001575940288456548, 0.9999912004895615, 0.003887847174534464;
 -0.02948034629164423, -0.003839703210777749, 0.9995579852423659]
t: [0.9903990733339267;
 0.08476460770454651;
 -0.1091999854395291]
Total time: 0.147062 seconds


current idx: trans_img/s14.jpg
Feature Detection time: 0.002243 seconds
Descriptor Extraction time: 0.061085 seconds
Match time: 0.020430 seconds
R: [0.9782085607344772, 0.01277753532906573, 0.2072311421980215;
 -0.01854320520106946, 0.9994924427846693, 0.0259037904022972;
 -0.2067949739395359, -0.0291820391208285, 0.9779490003809488]
t: [0.06550296925186523;
 0.06201720487443219;
 0.9959233039339684]
Total time: 0.261404 seconds


current idx: trans_img/s15.jpg
Feature Detection time: 0.002164 seconds
Descriptor Extraction time: 0.048623 seconds
Match time: 0.016711 seconds
R: [0.9830556978770554, 0.01357476829491261, 0.182803776047414;
 -0.0159078887937445, 0.9998095770595216, 0.01130259678953217;
 -0.1826155358822986, -0.01401910431519676, 0.9830844474248497]
t: [0.8659023333922616;
 0.186668131419527;
 0.4640777496693616]
Total time: 0.103738 seconds


current idx: trans_img/s16.jpg
Feature Detection time: 0.002332 seconds
Descriptor Extraction time: 0.045208 seconds
Match time: 0.013583 seconds
R: [0.9855820412075078, 0.008825402083784843, 0.1689679032458584;
 -0.0113209400679015, 0.9998405250105102, 0.01381162056697941;
 -0.1688190639863319, -0.01552536069683254, 0.9855247773699105]
t: [-0.5799457615302915;
 0.05248162945561118;
 -0.8129628480150456]
Total time: 0.218641 seconds


current idx: trans_img/s17.jpg
Feature Detection time: 0.002177 seconds
Descriptor Extraction time: 0.035088 seconds
Match time: 0.010410 seconds
R: [0.9787581250750548, 0.01007793754731998, 0.2047705246717798;
 -0.01366617231405745, 0.9997767217083529, 0.01611652767754623;
 -0.2045623824994374, -0.01857261168740004, 0.9786773164640443]
t: [-0.6771871502450996;
 0.3072057664275447;
 -0.6686121301745775]
Total time: 0.175584 seconds


current idx: trans_img/s18.jpg
Feature Detection time: 0.002046 seconds
Descriptor Extraction time: 0.025296 seconds
Match time: 0.007927 seconds
R: [0.9786239829127954, -0.0005103595490942858, 0.2056570922701853;
 -0.004264123543157944, 0.9997315936211709, 0.02277186786547095;
 -0.2056135144349844, -0.02316204327783771, 0.9783591377571379]
t: [0.9707268663566587;
 -0.2364944290222363;
 0.04194920708223032]
Total time: 0.335986 seconds


current idx: trans_img/s19.jpg
Feature Detection time: 0.001754 seconds
Descriptor Extraction time: 0.023528 seconds
Match time: 0.006786 seconds
R: [0.9901922461663081, 0.000189990972614143, 0.1397114151941486;
 -0.002509285584265011, 0.9998619577350391, 0.0164246449006172;
 -0.1396890085796949, -0.01661413186673159, 0.9900560345275093]
t: [0.9537874558757573;
 -0.1187154089622156;
 0.2760364843439796]
Total time: 0.053855 seconds


current idx: trans_img/s20.jpg
Feature Detection time: 0.002021 seconds
Descriptor Extraction time: 0.026318 seconds
Match time: 0.006856 seconds
R: [0.9843107523656205, 0.009191760850649516, 0.1762040133194778;
 -0.01243896349493642, 0.9997723944750361, 0.01733295799407303;
 -0.1760045879078097, -0.01925281221320992, 0.9842010537777761]
t: [0.7415176938487296;
 0.140267440950779;
 0.6561071213745371]
