Initialize nViewMatcher ... OK
Performing Cross Matching ... OK

----------------------------

Reconstruction: 
============================
Estimated 3D points: 24363
Estimated cameras: 21
Refined intrinsics: 
[439.7037048339844, 0, 306.129150390625;
 0, 439.7037048339844, 188.74951171875;
 0, 0, 1]

3D Visualization: 
============================
Recovering points  ... [DONE]
Recovering cameras ... [DONE]
Rendering points   ... [DONE]
Rendering Cameras  ... [DONE]
Rotation 0: [0.9999783252569315, 6.042544206807905e-05, 0.006583719701538635;
 -6.539878168944872e-05, 0.9999997127077618, 0.0007551869922690002;
 -0.006583672177579214, -0.0007556011910324391, 0.9999780419226706]
Trans 0: [-0.001884174858777292;
 -0.0001483475962803876;
 0.0001807333381739342]
Rotation 1: [0.9999175675803228, 0.0007371466439406874, 0.01281852796057112;
 -0.0007555393441299623, 0.9999986920301805, 0.001430069308654264;
 -0.01281745702353194, -0.001439636326788887, 0.9999168166616144]
Trans 1: [-0.001569910292296767;
 -0.0001312355323223725;
 0.0001172769897922659]
Rotation 2: [0.9998556791709572, 0.006431072672587983, 0.01572457102320844;
 -0.006508545965121564, 0.9999669082896752, 0.0048806920624242;
 -0.01569266258491319, -0.004982331770185807, 0.99986444916855]
Trans 2: [-0.001276578416002144;
 -0.0001396593241651498;
 6.32359880126987e-05]
Rotation 3: [0.9999296489346206, 0.00591863135961543, 0.01027944474742218;
 -0.005965946909467569, 0.9999717225578214, 0.004578379868122864;
 -0.01025205632835399, -0.004639384395843394, 0.9999366837222584]
Trans 3: [-0.0008795595727065496;
 -0.0001230581382232291;
 -5.753811617961138e-05]
Rotation 4: [0.9999794015555614, 0.005898052136829222, 0.002531688285005656;
 -0.005903301542913121, 0.9999804307204802, 0.002071040071162584;
 -0.002519423639372742, -0.002085942730317831, 0.9999946506594178]
Trans 4: [-0.0004869563036752448;
 -8.461901849363421e-05;
 -0.0001664645386616946]
Rotation 5: [0.9999802278962793, 0.006285722344229572, 0.0001830604181145217;
 -0.006286378353459218, 0.9999728842339859, 0.003835654306703365;
 -0.0001589455963106413, -0.003836729254798387, 0.9999926270952815]
Trans 5: [-3.361404156951297e-05;
 -4.607471212328127e-05;
 -0.0002339988872772651]
Rotation 6: [0.9999400405563692, 0.00716292915458673, 0.008282978815200921;
 -0.007209901365110094, 0.9999580180095615, 0.0056550455961765;
 -0.0082421243882921, -0.005714425983055783, 0.9999497050958374]
Trans 6: [0.0006138014235812756;
 3.447055149793944e-05;
 -0.0002586348378430371]
Rotation 7: [0.9999185879409831, 0.003506171347481085, -0.01226883256844832;
 -0.003349001102061771, 0.9999123695411322, 0.01280770979748789;
 0.01231266347013937, -0.01276557876166924, 0.9998427067879981]
Trans 7: [0.00111892267435898;
 7.446551637401469e-05;
 -0.0002977356678841712]
Rotation 8: [0.9999818454869484, 0.006004230116378642, 0.0005078555174802282;
 -0.006008541785922618, 0.9999417744241089, 0.008963547688913222;
 -0.0004540067443169068, -0.008966436431167705, 0.9999596976356607]
Trans 8: [0.002048178702722949;
 0.0003220834569596411;
 -0.0001918179358964997]
Rotation 9: [0.9999733307900541, 0.002265638826186245, -0.006942952495462934;
 -0.002248889126856197, 0.9999945446473697, 0.002419333212862121;
 0.006948395954469315, -0.002403654760781421, 0.9999729707534354]
Trans 9: [0.003368088606848594;
 0.0005840718860416726;
 0.0001267123166030425]
Rotation 10: [0.9992216484565759, -0.01089604630165994, -0.03791270803721403;
 0.01199086993158869, 0.9995141075417778, 0.02877095520220275;
 0.03758079687828177, -0.02920316763564387, 0.9988667872674702]
Trans 10: [0.004694785008652017;
 0.0009171073298178317;
 0.0006601175049941268]
Rotation 11: [0.9989770769300648, -0.01073176122210912, -0.04392754340200555;
 0.01108910340693712, 0.9999073127134476, 0.007899225772317922;
 0.04383869927237465, -0.008378262543238374, 0.9990034900654066]
Trans 11: [0.00620657017488944;
 0.001365959333293735;
 0.001348036917068142]
Rotation 12: [0.9999994069665893, -6.414280766169577e-05, -0.001087176236804132;
 8.258068738095607e-05, 0.9998560319173646, 0.01696787019316604;
 0.001085931351291603, -0.01696794991041304, 0.9998554442662889]
Trans 12: [0.008748701625151659;
 0.002508000508277546;
 0.003788014838432596]
Rotation 13: [0.9997690713884758, 0.00239424420418272, 0.02135583034478931;
 -0.002764490957342934, 0.9998460996311138, 0.01732439442507352;
 -0.02131106484367817, -0.01737943172659816, 0.9996218254260403]
Trans 13: [0.0104613402548431;
 0.002909096288783334;
 0.004791696120624754]
Rotation 14: [0.9859222734043297, 0.06525556402745382, 0.1539447373855212;
 -0.06793080077985646, 0.9976157268408716, 0.01217652927426162;
 -0.152783104794495, -0.02246270071069753, 0.988004428110591]
Trans 14: [0.02031658585351091;
 0.009373224823222261;
 0.01668324917725776]
Rotation 15: [0.9348755480383795, 0.118572974647423, 0.3345865498838845;
 -0.1249804471200142, 0.9921563111261528, -0.00239627423850524;
 -0.3322462904497518, -0.03957655841285797, 0.9423619784915841]
Trans 15: [0.03121465850030068;
 0.01623117261376402;
 0.03761675082241694]
Rotation 16: [0.8623848909228583, 0.1304151196471157, 0.48916683910032;
 -0.1423527746092998, 0.9897318457703043, -0.01290585251506179;
 -0.485827116852285, -0.05850444457932336, 0.8720947439902738]
Trans 16: [0.0418972090326525;
 0.02041464274899281;
 0.05890448481127324]
Rotation 17: [0.7712610463761578, 0.06061494031567235, 0.6336262521023586;
 -0.05315242483814598, 0.9981117735920395, -0.03078485261908261;
 -0.6342958442844944, -0.009935614096817291, 0.7730265619601565]
Trans 17: [0.07431915826942059;
 0.02677610372948787;
 0.09529584855760709]
Rotation 18: [0.9101870072375174, -0.2859139285896115, 0.2996878998132322;
 0.3063643106142322, 0.9516470726394152, -0.02255567154171817;
 -0.2787481319002472, 0.1123435560024968, 0.9537706246193769]
Trans 18: [0.2916701681248706;
 0.08628188047426512;
 0.2754828517474093]
Rotation 19: [-0.7125375420089741, 0.470389737649379, -0.5205994102397329;
 0.6679493148427008, 0.2276262869050049, -0.7085407442843402;
 -0.2147881841000009, -0.8525958997227167, -0.4763887779398622]
Trans 19: [0.7467764606707757;
 0.2014715008308049;
 0.7987399059671864]
Rotation 20: [-0.8850009688436002, 0.3397568702201021, -0.3183371707547353;
 0.3398620233903509, 0.9387424398416014, 0.057065196900158;
 0.3182249050638644, -0.05768796042917335, -0.9462584261281992]
Trans 20: [0.228917153990261;
 0.06373932166312689;
 0.4984768745800922]

Press 'q' to close each windows ... 


