%YAML:1.0
M1: !!opencv-matrix
   rows: 3
   cols: 3
   dt: d
   data: [ 1.1209792121039081e+03, 0., 4.0571177739096214e+02, 0.,
       1.1594998838793992e+03, 3.0102894860696193e+02, 0., 0., 1. ]
D1: !!opencv-matrix
   rows: 1
   cols: 14
   dt: d
   data: [ -3.4880085467849520e-01, -4.9827406715440876e+00, 0., 0., 0.,
       0., 0., -4.3073067183542104e+00, 0., 0., 0., 0., 0., 0. ]
M2: !!opencv-matrix
   rows: 3
   cols: 3
   dt: d
   data: [ 1.1209792121039081e+03, 0., 3.9930798619138477e+02, 0.,
       1.1594998838793992e+03, 2.9950168312226214e+02, 0., 0., 1. ]
D2: !!opencv-matrix
   rows: 1
   cols: 14
   dt: d
   data: [ -1.6365854837269176e+00, -1.1793175452620646e+00, 0., 0., 0.,
       0., 0., -3.1043027019379434e+01, 0., 0., 0., 0., 0., 0. ]
